4294967278,439
4294967278,121
4294967278,437
4294967278,110
4294967278,435
4294967278,441
4294967278,96
4294967278,398
4294967278,85
4294967278,84
4294967278,403
4294967278,55
4294967278,241
4294967278,41
4294967278,285
4294967278,440
4294967278,22
4294967278,21
4294967278,16
4294967278,409
4294967278,8
4294967278,401
4294967278,6
4294967278,5
4294967278,358
4294967279,532
4294967279,531
4294967279,127
4294967279,126
4294967279,564
4294967279,122
4294967279,534
4294967279,121
4294967279,113
4294967279,111
4294967279,110
4294967279,97
4294967279,96
4294967279,94
4294967279,87
4294967279,86
4294967279,85
4294967279,533
4294967279,84
4294967279,82
4294967279,529
4294967279,78
4294967279,77
4294967279,75
4294967279,72
4294967279,71
4294967279,70
4294967279,69
4294967279,68
4294967279,67
4294967279,66
4294967279,60
4294967279,58
4294967279,54
4294967279,47
4294967279,44
4294967279,42
4294967279,40
4294967279,38
4294967279,37
4294967279,36
4294967279,527
4294967279,35
4294967279,33
4294967279,31
4294967279,294
4294967279,28
4294967279,512
4294967279,23
4294967279,22
4294967279,134
4294967279,17
4294967279,11
4294967279,157
4294967279,6
4294967278,436
4294967278,309
1288,6
1288,5
1288,4
1288,3
1288,2
1288,1
4294967294,1435
1285,7
1285,6
1285,5
1285,4
1285,3
1285,2
1285,1
4294967294,1434
4294967294,1433
1281,8
1281,7
1281,6
1281,5
1281,4
1281,3
1281,2
1281,1
4294967278,303
4294967278,298
1276,6
1276,5
1276,4
1276,3
1276,2
1276,1
4294967279,295
4294967278,322
1273,6
1273,5
1273,4
1273,3
1273,2
1273,1
4294967279,549
4294967279,223
1270,6
1270,5
1270,4
1270,3
1270,2
1270,1
1267,6
1267,5
1267,4
1267,3
1267,2
1267,1
4294967279,557
1264,6
1264,5
1264,4
1264,3
1264,2
1264,1
4294967279,188
4294967279,186
4294967279,178
1261,6
1261,5
1261,4
1261,3
1261,2
1261,1
4294967279,167
4294967278,375
4294967278,336
1258,6
1258,5
1258,4
1258,3
1258,2
1258,1
4294967278,432
1255,6
1255,5
1255,4
1255,3
1255,2
1255,1
4294967294,449
4294967279,558
4294967278,396
1252,6
1252,5
1252,4
1252,3
1252,2
1252,1
4294967279,230
4294967278,228
4294967279,211
1249,6
1249,5
1249,4
4294967279,204
1249,3
1249,2
1249,1
4294967279,199
4294967279,198
4294967279,193
4294967279,195
4294967279,194
4294967279,192
4294967279,185
4294967279,184
4294967279,181
1246,6
1246,5
4294967279,180
1246,4
1246,3
1246,2
1246,1
4294967279,179
4294967279,163
1243,4
1243,3
1243,2
1243,1
1242,4
1242,3
1242,2
1242,1
4294967279,389
1241,4
1241,3
1241,2
1241,1
4294967294,1052
1240,4
1240,3
1240,2
1240,1
1239,4
1239,3
1239,2
1239,1
1238,4
1238,3
1238,2
1238,1
4294967278,141
1237,4
1237,3
1237,2
1237,1
4294967278,433
4294967278,276
4294967279,137
1236,4
1236,3
1236,2
1236,1
1235,4
1235,3
1235,2
1235,1
1234,4
1234,3
1234,2
1234,1
4294967279,559
4294967279,252
1233,5
1233,4
1233,3
1233,2
1233,1
1231,4
1231,3
1231,2
1231,1
1230,6
4294967279,548
1230,5
1230,4
1230,3
1230,2
1230,1
4294967278,238
4294967278,370
1229,5
4294967279,237
1229,4
1229,3
1229,2
1229,1
4294967279,518
4294967294,1420
4294967279,228
4294967279,220
1228,4
1228,3
1228,2
1228,1
4294967279,213
4294967278,211
4294967294,416
4294967279,209
1226,5
4294967279,208
1226,4
1226,3
1226,2
1226,1
4294967278,430
1225,4
1225,3
1225,2
1225,1
4294967279,201
4294967294,1419
4294967294,400
4294967294,178
4294967294,386
4294967294,421
4294967294,420
4294967294,1080
4294967294,465
4294967278,329
4294967279,308
4294967278,284
4294967279,556
4294967279,550
4294967279,419
4294967279,555
4294967279,553
4294967278,397
4294967294,1418
4294967279,437
4294967278,132
4294967278,128
4294967278,118
4294967278,116
4294967278,107
4294967278,102
4294967278,101
4294967278,87
4294967278,46
4294967278,38
4294967278,36
4294967278,26
4294967278,260
4294967278,288
4294967278,273
4294967278,10
4294967278,4
4294967279,132
4294967279,131
4294967279,129
4294967279,526
4294967279,120
4294967279,118
4294967279,115
4294967279,112
4294967279,109
4294967279,108
4294967279,107
4294967279,106
4294967279,104
4294967279,102
4294967279,101
4294967279,99
4294967279,286
4294967279,63
4294967279,554
4294967279,59
4294967279,14
4294967279,12
4294967278,53
4294967279,525
4294967278,52
4294967279,52
4294967278,51
4294967279,51
4294967279,551
4294967278,50
4294967279,567
4294967279,260
1224,6
1224,5
1224,4
1224,2
1224,1
1221,7
1221,6
1221,5
1221,4
1221,3
1221,2
1221,1
4294967279,566
1217,6
1217,5
1217,4
1217,3
1217,2
1217,1
1214,6
1214,5
1214,4
1214,2
1214,1
1211,6
1211,5
1211,4
1211,2
1211,1
1208,6
1208,5
1208,4
1208,2
1208,1
4294967279,552
1205,6
1205,5
1205,4
1205,2
1205,1
4294967278,389
1202,6
1202,5
1202,4
1202,2
1202,1
1199,6
1199,5
1199,4
1199,2
1199,1
4294967278,356
4294967279,438
1196,6
1196,5
1196,4
1196,2
1196,1
1193,6
1193,5
1193,4
1193,2
1193,1
1190,6
1190,5
1190,4
1190,2
1190,1
4294967279,274
4294967279,522
4294967278,278
4294967279,306
1187,6
1187,5
1187,4
1187,2
1187,1
1184,6
1184,5
1184,4
1184,2
1184,1
1181,4
1181,3
1181,2
1181,1
1180,4
1180,3
1180,2
1180,1
1179,4
1179,3
1179,2
1179,1
1178,4
1178,3
1178,2
1178,1
1177,4
1177,3
1177,2
1177,1
1176,4
1176,3
1176,2
1176,1
1175,4
1175,3
1175,2
1175,1
1174,4
1174,3
1174,2
1174,1
1173,4
1173,3
1173,2
1173,1
1172,4
1172,3
1172,2
1172,1
4294967294,466
4294967294,191
4294967278,296
1171,5
1171,4
1171,2
1171,1
4294967278,156
4294967278,155
1169,4
1169,3
1169,2
1169,1
1168,6
1168,5
1168,4
1168,3
1168,2
1168,1
4294967278,139
1167,5
1167,4
1167,3
1167,2
1167,1
1166,4
1166,3
1166,2
1166,1
4294967278,280
1164,5
1164,4
1164,3
1164,2
1164,1
1163,4
1163,3
1163,2
1163,1
4294967278,348
4294967279,235
4294967294,389
4294967294,462
4294967278,393
4294967279,315
4294967294,10
4294967278,431
4294967278,367
4294967278,361
4294967278,48
4294967278,395
4294967279,521
4294967279,257
4294967279,24
4294967279,547
4294967294,55
4294967294,57
4294967294,519
4294967294,61
4294967294,30
4294967294,97
4294967294,80
4294967294,12
4294967294,477
4294967294,193
4294967294,1045
4294967294,1036
4294967294,1031
4294967294,1030
4294967294,176
1162,6
1162,5
1162,4
1162,2
1162,1
4294967278,428
1159,7
1159,6
1159,5
1159,4
1159,3
1159,2
1159,1
1155,6
1155,5
1155,4
1155,3
1155,2
1155,1
4294967279,265
1152,6
1152,5
1152,4
1152,2
1152,1
1149,6
1149,5
1149,4
1149,2
1149,1
4294967279,268
1146,6
1146,5
1146,4
1146,2
1146,1
4294967279,217
4294967279,173
1143,6
1143,5
1143,4
1143,2
1143,1
4294967279,515
1140,6
1140,5
1140,4
1140,2
1140,1
4294967294,1034
4294967278,264
4294967279,266
4294967279,316
1137,6
1137,5
1137,4
1137,2
1137,1
4294967294,410
1134,6
1134,5
1134,4
1134,2
1134,1
4294967279,544
4294967278,376
4294967278,357
1131,6
1131,5
1131,4
1131,2
1131,1
4294967279,2
4294967278,413
1128,6
4294967278,164
1128,5
1128,4
1128,2
1128,1
4294967279,164
4294967279,540
4294967278,143
1125,6
1125,5
1125,4
1125,2
1125,1
4294967278,272
4294967278,269
4294967278,268
4294967279,267
4294967279,263
4294967278,318
1122,6
1122,5
1122,4
1122,2
1122,1
4294967279,317
4294967279,250
4294967279,432
4294967279,242
4294967294,185
4294967279,240
1119,4
1119,3
1119,2
1119,1
1118,4
1118,3
1118,2
1118,1
1117,4
1117,3
1117,2
1117,1
1116,4
1116,3
1116,2
1116,1
1115,4
1115,3
1115,2
1115,1
1114,4
1114,3
1114,2
1114,1
4294967278,208
1113,4
1113,3
1113,2
1113,1
4294967279,205
4294967278,203
1112,4
1112,3
1112,2
1112,1
1111,4
4294967278,198
1111,3
1111,2
1111,1
4294967278,392
1110,4
1110,3
1110,2
1110,1
4294967278,422
1109,5
1109,4
1109,2
1109,1
1107,4
1107,3
1107,2
1107,1
4294967294,398
4294967294,184
4294967294,452
4294967294,110
1106,6
1106,5
4294967279,170
4294967279,169
1106,4
1106,3
1106,2
1106,1
4294967279,168
1105,5
4294967294,1046
1105,4
1105,3
1105,2
1105,1
4294967279,161
4294967279,158
4294967279,154
1104,4
1104,3
1104,2
1104,1
4294967278,149
4294967278,148
4294967278,147
4294967278,146
4294967279,144
4294967279,539
4294967278,144
1102,5
4294967279,143
4294967278,142
1102,4
1102,3
1102,2
1102,1
4294967278,289
4294967278,138
4294967279,279
1101,4
1101,3
1101,2
1101,1
4294967279,538
4294967279,537
4294967294,411
4294967294,406
4294967294,111
4294967294,175
4294967279,535
4294967278,427
4294967278,337
4294967294,1084
4294967279,249
4294967278,363
4294967278,377
4294967278,369
4294967278,323
4294967278,374
4294967278,394
4294967278,378
4294967278,371
4294967278,366
4294967278,373
4294967278,13
4294967278,12
4294967278,262
4294967279,241
4294967279,514
4294967279,256
4294967279,13
4294967279,0
1100,6
1100,5
1100,4
1100,2
1100,1
4294967294,1430
1097,7
1097,6
1097,5
1097,4
1097,3
1097,2
1097,1
4294967294,1429
4294967279,520
4294967279,519
1093,6
1093,5
1093,4
1093,3
1093,2
1093,1
1090,6
1090,5
1090,4
1090,2
1090,1
4294967279,517
4294967279,388
1087,6
1087,5
1087,4
1087,2
1087,1
4294967294,404
4294967294,454
4294967294,455
4294967294,164
1084,6
1084,5
1084,4
1084,2
1084,1
4294967278,2
4294967279,434
1081,6
1081,5
1081,4
1081,2
1081,1
4294967279,253
4294967278,237
1078,6
1078,5
1078,4
1078,2
1078,1
1075,6
1075,5
1075,4
1075,2
1075,1
1072,6
1072,5
1072,4
1072,2
1072,1
4294967279,239
4294967279,233
1069,6
1069,5
1069,4
1069,2
1069,1
4294967278,390
1066,6
1066,5
1066,4
1066,2
1066,1
4294967279,392
4294967279,221
4294967279,292
4294967278,388
4294967279,219
4294967278,254
4294967278,306
1063,6
1063,5
1063,4
1063,2
1063,1
4294967278,380
4294967278,379
1060,6
1060,5
1060,4
1060,2
1060,1
1057,4
1057,3
1057,2
1057,1
4294967279,289
4294967279,189
1056,4
1056,3
1056,2
1056,1
4294967294,457
4294967294,450
4294967294,391
1055,4
1055,3
1055,2
1055,1
1054,4
4294967278,178
1054,3
1054,2
1054,1
1053,4
1053,3
1053,2
1053,1
4294967279,175
1052,4
1052,3
1052,2
1052,1
4294967294,387
1051,4
1051,3
1051,2
1051,1
1050,4
1050,3
1050,2
1050,1
4294967278,342
4294967278,162
1049,4
1049,3
1049,2
1049,1
4294967294,1416
4294967294,1040
1048,4
1048,3
1048,2
1048,1
1047,5
1047,4
1047,2
1047,1
1045,4
1045,3
1045,2
1045,1
4294967279,516
1044,6
1044,5
1044,4
1044,3
1044,2
1044,1
1043,5
1043,4
1043,3
1043,2
1043,1
1042,4
1042,3
1042,2
1042,1
4294967294,1082
4294967279,312
4294967279,254
1040,5
1040,4
1040,3
1040,2
1040,1
1039,4
1039,3
1039,2
1039,1
4294967294,470
4294967294,1
4294967279,215
4294967294,1423
4294967294,195
4294967294,1032
4294967278,429
4294967294,390
4294967294,397
4294967294,384
4294967294,413
4294967294,456
4294967294,405
4294967278,343
4294967278,420
4294967278,418
4294967278,324
4294967278,417
4294967278,416
4294967294,68
4294967294,11
4294967278,426
4294967278,334
4294967278,425
4294967278,227
4294967278,106
4294967278,326
4294967278,344
4294967278,341
4294967278,372
4294967278,351
4294967279,305
4294967279,117
4294967279,409
4294967279,546
4294967279,302
4294967279,174
4294967279,57
4294967279,293
4294967279,46
4294967279,307
4294967279,425
4294967279,427
4294967294,1428
1038,6
1038,5
1038,4
1038,2
1038,1
4294967279,203
1035,6
1035,5
1035,4
1035,3
1035,2
1035,1
4294967278,415
4294967278,177
1032,6
1032,5
1032,4
1032,3
1032,2
1032,1
4294967294,1427
1029,6
1029,5
1029,4
1029,2
1029,1
4294967278,215
1026,6
1026,5
1026,4
1026,2
1026,1
4294967278,419
4294967294,1425
1023,6
1023,5
1023,4
1023,2
1023,1
4294967294,113
4294967294,458
4294967294,109
1020,6
1020,5
1020,4
1020,2
1020,1
4294967279,391
4294967278,368
4294967279,288
4294967278,291
1017,6
1017,5
1017,4
1017,2
1017,1
4294967279,285
4294967278,167
4294967278,168
4294967279,159
1014,6
1014,5
1014,4
1014,2
1014,1
4294967279,278
1011,6
1011,5
1011,4
1011,2
1011,1
4294967279,277
1008,6
1008,5
1008,4
1008,2
1008,1
4294967279,513
4294967278,362
4294967278,360
4294967279,276
1005,6
1005,5
1005,4
1005,2
1005,1
4294967278,359
4294967279,261
4294967278,312
4294967294,198
4294967294,170
1002,6
1002,5
1002,4
1002,2
1002,1
4294967279,390
4294967278,354
4294967278,179
4294967278,176
4294967278,175
4294967279,172
4294967278,158
999,6
999,5
999,4
4294967278,159
999,2
999,1
4294967278,154
4294967278,153
4294967278,152
996,4
996,3
996,2
996,1
995,4
995,3
995,2
995,1
994,4
994,3
994,2
994,1
4294967279,133
993,4
993,3
993,2
993,1
992,4
992,3
992,2
992,1
991,4
991,3
991,2
991,1
990,4
990,3
990,2
990,1
989,4
989,3
989,2
989,1
4294967279,446
988,4
988,3
988,2
988,1
4294967278,317
987,4
987,3
987,2
987,1
4294967294,417
4294967294,199
4294967278,240
986,5
986,4
986,2
986,1
4294967279,439
984,4
984,3
984,2
984,1
4294967278,222
4294967278,423
983,6
4294967279,408
4294967279,543
983,5
4294967279,280
983,4
983,3
983,2
983,1
982,5
982,4
982,3
982,2
982,1
4294967278,325
981,4
981,3
981,2
981,1
4294967278,251
4294967278,193
4294967278,192
4294967278,191
4294967279,275
979,5
979,4
979,3
979,2
979,1
978,4
978,3
978,2
978,1
0,7
4294967279,445
4294967294,115
4294967278,292
4294967278,217
4294967279,436
4294967279,429
4294967294,474
4294967278,319
4294967294,392
4294967294,440
4294967294,114
4294967294,1033
4294967294,29
4294967294,186
4294967294,1037
4294967294,403
4294967294,459
4294967279,441
4294967294,475
4294967294,9
4294967294,22
4294967294,476
4294967278,127
4294967278,125
4294967278,123
4294967278,122
4294967278,120
4294967278,117
4294967278,113
4294967278,111
4294967278,109
4294967278,424
4294967278,97
4294967278,95
4294967278,93
4294967278,92
4294967278,83
4294967278,82
4294967278,81
4294967278,80
4294967278,78
4294967278,76
4294967278,75
4294967278,68
4294967278,67
4294967278,66
4294967278,64
4294967278,63
4294967278,56
4294967278,54
4294967278,45
4294967278,43
